1.2294
1.2294
1.2287
1.2287
1.2289
1.2289
1.2289
1.2289
1.2287
1.2287
1.2288
1.2288
1.2287
1.2287
1.2289
1.2289
1.2288
1.2288
1.2282
1.2282
1.2289
1.2289
1.2288
1.2288
1.2282
1.2282
1.2289
1.2279
1.2288
1.2288
1.2282
1.2282
1.2279
1.2279
1.2282
1.2282
1.2279
1.2279
1.2282
1.2282
1.2282
1.2282
1.2282
1.2282
1.2279
1.2279
1.2282
1.2282
1.2279
1.2279
1.2279
1.2280
1.2282
1.2282
1.2279
1.2279
1.2280
1.2280
1.2282
1.2282
1.2279
1.2279
1.2280
1.2280
1.2282
1.2282
1.2279
1.2285
1.2280
1.2280
1.2282
1.2282
1.2285
1.2285
1.2280
1.2280
1.2282
1.2282
1.2285
1.2285
1.2284
1.2284
1.2282
1.2281
1.2285
1.2285
1.2284
1.2284
1.2281
1.2281
1.2285
1.2285
1.2284
1.2284
1.2281
1.2284
1.2281
1.2281
1.2288
1.2288
1.2284
1.2284
1.2281
1.2281
1.2284
1.2284
1.2281
1.2281
1.2288
1.2288
1.2279
1.2279
1.2288
1.2288
1.2284
1.2284
1.2279
1.2279
1.2289
1.2289
