1.2279
1.2279
1.2279
1.2279
1.2279
1.2279
1.2279
1.2279
1.2280
1.2279
1.2279
1.2280
1.2279
1.2279
1.2280
1.2280
1.2279
1.2280
1.2280
1.2279
1.2279
1.2279
1.2279
1.2279
1.2279
1.2279
1.2279
1.2278
1.2279
1.2278
1.2278
1.2277
1.2277
1.2277
1.2278
1.2277
1.2278
1.2278
1.2278
1.2277
1.2279
1.2278
1.2278
1.2279
1.2279
1.2279
1.2279
1.2277
1.2277
1.2277
1.2277
1.2277
1.2278
1.2277
1.2277
1.2277
1.2277
1.2277
1.2278
1.2277
1.2280
1.2279
1.2280
1.2280
1.2280
1.2280
1.2280
1.2279
1.2282
1.2283
1.2283
1.2283
1.2282
1.2283
1.2283
1.2283
1.2283
1.2283
1.2283
1.2283
1.2283
1.2283
1.2283
1.2283
1.2283
1.2283
1.2283
1.2283
1.2284
1.2283
1.2284
1.2283
1.2283
1.2283
1.2283
1.2283
1.2283
1.2283
1.2283
1.2283
1.2283
1.2283
1.2283
1.2283
1.2283
1.2283
1.2283
1.2282
1.2282
1.2282
1.2282
1.2282
1.2282
1.2282
1.2282
1.2282
1.2282
1.2280
1.2280
1.2280
1.2280
1.2280
1.2280
1.2280
1.2280
1.2280
1.2280
1.2280
1.2280
1.2280
1.2280
1.2279
1.2280
1.2279
1.2279
1.2280
1.2279
1.2280
1.2280
1.2280
1.2280
1.2280
1.2281
1.2281
1.2281
1.2279
1.2280
1.2280
1.2280
1.2280
1.2280
1.2280
1.2280
1.2281
1.2281
1.2281
1.2281
1.2280
1.2280
1.2280
1.2280
1.2284
1.2285
1.2284
1.2284
1.2284
1.2285
1.2285
1.2285
1.2286
1.2284
1.2286
1.2286
1.2286
1.2286
1.2286
1.2286
1.2286
1.2286
1.2285
1.2285
1.2285
1.2286
1.2286
1.2285
1.2285
1.2285
1.2285
1.2285
1.2285
1.2285
1.2285
1.2285
1.2285
1.2285
1.2285
1.2285
1.2285
1.2285
1.2285
1.2285
1.2286
1.2286
1.2286
1.2286
1.2286
1.2286
1.2284
1.2284
1.2285
1.2285
1.2285
1.2285
1.2285
1.2285
1.2284
1.2284
1.2284
1.2284
1.2284
1.2284
1.2284
1.2284
1.2284
1.2284
1.2284
1.2283
1.2283
1.2283
1.2283
1.2283
1.2283
1.2284
1.2284
1.2284
1.2284
1.2284
1.2283
1.2284
1.2284
